1	1 1.000000 0.000000
2	1 1.000000 0.000000
3	1 1.000000 0.000000
4	1 1.000000 0.000000
[145]	1 1.000000 0.000000
[146]	1 1.000000 0.000000
[147]	1 1.000000 0.000000
[148]	1 1.000000 0.000000
[149]	1 1.000000 0.000000
[150]	1 1.000000 0.000000
[151]	1 1.000000 0.000000
[152]	1 1.000000 0.000000
[153]	1 1.000000 0.000000
[154]	1 1.000000 0.000000
[155]	1 1.000000 0.000000
[156]	1 1.000000 0.000000
[157]	1 1.000000 0.000000
[158]	1 1.000000 0.000000
[159]	1 1.000000 0.000000
[160]	1 1.000000 0.000000
[161]	1 1.000000 0.000000
[162]	1 1.000000 0.000000
[163]	1 1.000000 0.000000
[164]	1 1.000000 0.000000
[165]	1 1.000000 0.000000
[166]	1 1.000000 0.000000
[167]	1 1.000000 0.000000
[168]	1 1.000000 0.000000
[169]	1 1.000000 0.000000
[170]	1 1.000000 0.000000
[171]	1 1.000000 0.000000
[172]	1 1.000000 0.000000
[173]	1 1.000000 0.000000
[174]	1 1.000000 0.000000
[175]	1 1.000000 0.000000
[176]	1 1.000000 0.000000
[177]	1 1.000000 0.000000
[178]	1 1.000000 0.000000
[179]	1 1.000000 0.000000
[180]	1 1.000000 0.000000
[181]	1 1.000000 0.000000
[182]	1 1.000000 0.000000
[183]	1 1.000000 0.000000
[184]	1 1.000000 0.000000
[185]	1 1.000000 0.000000
[186]	1 1.000000 0.000000
[187]	1 1.000000 0.000000
[188]	1 1.000000 0.000000
[189]	1 1.000000 0.000000
[190]	1 1.000000 0.000000
[191]	1 1.000000 0.000000
[192]	1 1.000000 0.000000
[193]	1 1.000000 0.000000
[194]	1 1.000000 0.000000
[195]	1 1.000000 0.000000
[196]	1 1.000000 0.000000
[197]	1 1.000000 0.000000
[198]	1 1.000000 0.000000
[199]	1 1.000000 0.000000
[200]	1 1.000000 0.000000
[201]	1 1.000000 0.000000
[202]	1 1.000000 0.000000
[203]	1 1.000000 0.000000
[204]	1 1.000000 0.000000
[205]	1 1.000000 0.000000
[206]	1 1.000000 0.000000
[207]	1 1.000000 0.000000
[208]	1 1.000000 0.000000
[209]	1 1.000000 0.000000
[210]	1 1.000000 0.000000
[211]	1 1.000000 0.000000
[212]	1 1.000000 0.000000
[213]	1 1.000000 0.000000
[214]	1 1.000000 0.000000
[215]	1 1.000000 0.000000
[216]	1 1.000000 0.000000
[217]	1 1.000000 0.000000
[218]	1 1.000000 0.000000
[219]	1 1.000000 0.000000
[220]	1 1.000000 0.000000
[221]	1 1.000000 0.000000
[222]	1 1.000000 0.000000
[223]	1 1.000000 0.000000
[224]	1 1.000000 0.000000
[225]	1 1.000000 0.000000
[226]	1 1.000000 0.000000
[227]	1 1.000000 0.000000
[228]	1 1.000000 0.000000
[229]	1 1.000000 0.000000
[230]	1 1.000000 0.000000
[231]	1 1.000000 0.000000
[232]	1 1.000000 0.000000
[233]	1 1.000000 0.000000
[234]	1 1.000000 0.000000
[235]	1 1.000000 0.000000
[236]	1 1.000000 0.000000
[237]	1 1.000000 0.000000
[238]	1 1.000000 0.000000
[239]	1 1.000000 0.000000
[240]	1 1.000000 0.000000
[241]	1 1.000000 0.000000
[242]	1 1.000000 0.000000
[243]	1 1.000000 0.000000
[244]	1 1.000000 0.000000
[245]	1 1.000000 0.000000
[246]	1 1.000000 0.000000
[247]	1 1.000000 0.000000
[248]	1 1.000000 0.000000
[249]	1 1.000000 0.000000
[250]	1 1.000000 0.000000
[251]	1 1.000000 0.000000
[252]	1 1.000000 0.000000
[253]	1 1.000000 0.000000
[254]	1 1.000000 0.000000
[255]	1 1.000000 0.000000
[256]	1 1.000000 0.000000
[257]	1 1.000000 0.000000
[258]	1 1.000000 0.000000
[259]	1 1.000000 0.000000
[260]	1 1.000000 0.000000
[261]	1 1.000000 0.000000
[262]	1 1.000000 0.000000
[263]	1 1.000000 0.000000
[264]	1 1.000000 0.000000
[265]	1 1.000000 0.000000
[266]	1 1.000000 0.000000
[267]	1 1.000000 0.000000
[268]	1 1.000000 0.000000
[269]	1 1.000000 0.000000
[270]	1 1.000000 0.000000
[271]	1 1.000000 0.000000
[272]	1 1.000000 0.000000
[273]	1 1.000000 0.000000
[274]	1 1.000000 0.000000
[275]	1 1.000000 0.000000
[276]	1 1.000000 0.000000
[277]	1 1.000000 0.000000
a	45 4.400000 13.395556
abide	2 1.000000 0.000000
abides	1 1.000000 0.000000
abolishing	1 1.000000 0.000000
abolition	2 1.000000 0.000000
aboriginal	2 1.000000 0.000000
about	3 1.333333 0.222222
above	3 1.000000 0.000000
abreast	1 1.000000 0.000000
abroad	4 1.000000 0.000000
absence	1 1.000000 0.000000
absent	1 1.000000 0.000000
absolute	1 1.000000 0.000000
absolutely	1 1.000000 0.000000
absolve	2 1.000000 0.000000
absorbs	1 1.000000 0.000000
accept	1 2.000000 0.000000
accidental	1 1.000000 0.000000
accidents	1 1.000000 0.000000
accomplish	1 1.000000 0.000000
accomplished	1 1.000000 0.000000
account	2 1.000000 0.000000
accustomed	1 1.000000 0.000000
acorn	1 1.000000 0.000000
acquire	3 1.000000 0.000000
acquires	2 1.000000 0.000000
acquisitions	1 1.000000 0.000000
across	2 1.000000 0.000000
acrostic	1 1.000000 0.000000
act	4 1.250000 0.187500
acted	1 1.000000 0.000000
acting	1 1.000000 0.000000
action	6 1.166667 0.138889
actions	5 1.800000 0.560000
activity	2 1.000000 0.000000
actor	2 1.000000 0.000000
acts	6 1.000000 0.000000
actual	1 1.000000 0.000000
actually	1 1.000000 0.000000
adamss	1 1.000000 0.000000
added	1 1.000000 0.000000
addition	1 1.000000 0.000000
adhere	1 1.000000 0.000000
admonished	2 1.000000 0.000000
admonition	1 1.000000 0.000000
adopt	1 1.000000 0.000000
adopted	1 1.000000 0.000000
adored	1 1.000000 0.000000
adults	1 1.000000 0.000000
advances	1 1.000000 0.000000
advancing	2 1.000000 0.000000
adviser	1 1.000000 0.000000
afar	1 1.000000 0.000000
affairs	1 1.000000 0.000000
affect	1 1.000000 0.000000
affectation	2 1.000000 0.000000
affecting	2 1.000000 0.000000
affection	1 1.000000 0.000000
affections	1 1.000000 0.000000
affects	1 1.000000 0.000000
affinity	1 1.000000 0.000000
affirm	1 1.000000 0.000000
affront	1 1.000000 0.000000
afraid	1 4.000000 0.000000
after	6 1.500000 0.250000
afterwards	3 1.000000 0.000000
again	4 1.250000 0.187500
against	4 1.000000 0.000000
age	3 1.000000 0.000000
agent	1 1.000000 0.000000
ages	2 1.000000 0.000000
ago	1 1.000000 0.000000
agree	1 1.000000 0.000000
agreement	1 1.000000 0.000000
ah	2 1.000000 0.000000
aids	1 1.000000 0.000000
aim	1 1.000000 0.000000
air	1 2.000000 0.000000
airs	1 1.000000 0.000000
alexandrian	1 1.000000 0.000000
alfred	1 1.000000 0.000000
ali	1 1.000000 0.000000
alien	1 1.000000 0.000000
alienated	1 1.000000 0.000000
aliens	1 1.000000 0.000000
alike	3 1.000000 0.000000
all	36 2.222222 1.506173
allow	2 1.000000 0.000000
allows	1 1.000000 0.000000
almanac	1 1.000000 0.000000
almighty	1 1.000000 0.000000
alms	1 1.000000 0.000000
alone	3 1.000000 0.000000
already	3 1.000000 0.000000
also	6 1.000000 0.000000
although	1 1.000000 0.000000
always	9 1.222222 0.395062
am	7 1.428571 0.530612
ambition	2 1.000000 0.000000
amelioration	1 1.000000 0.000000
america	1 1.000000 0.000000
american	2 1.000000 0.000000
americans	1 1.000000 0.000000
among	3 1.000000 0.000000
amused	1 1.000000 0.000000
an	18 1.555556 0.358025
analysis	1 1.000000 0.000000
anaxagoras	1 1.000000 0.000000
ancient	1 1.000000 0.000000
and	52 8.230769 29.292899
andes	1 1.000000 0.000000
angels	2 1.000000 0.000000
angry	1 1.000000 0.000000
animal	1 1.000000 0.000000
announce	1 1.000000 0.000000
announcement	1 1.000000 0.000000
annoy	1 1.000000 0.000000
another	6 1.333333 0.555556
answer	2 1.000000 0.000000
anticipate	1 1.000000 0.000000
antinomianism	1 1.000000 0.000000
antony	1 1.000000 0.000000
any	12 1.416667 0.576389
anything	2 1.000000 0.000000
apologetic	1 1.000000 0.000000
apologetically	1 1.000000 0.000000
apologize	1 1.000000 0.000000
apologue	1 1.000000 0.000000
apology	1 1.000000 0.000000
apparent	1 1.000000 0.000000
appeal	2 1.000000 0.000000
appeals	1 1.000000 0.000000
appear	3 1.000000 0.000000
appearance	1 1.000000 0.000000
appearances	3 1.000000 0.000000
application	1 1.000000 0.000000
appoints	1 1.000000 0.000000
approach	1 1.000000 0.000000
arch	1 1.000000 0.000000
arduous	1 1.000000 0.000000
are	36 2.166667 1.527778
argument	1 1.000000 0.000000
arithmetic	1 1.000000 0.000000
armed	1 1.000000 0.000000
arms	2 1.000000 0.000000
army	1 1.000000 0.000000
around	1 1.000000 0.000000
aroused	1 1.000000 0.000000
arrives	1 1.000000 0.000000
art	4 1.500000 0.750000
artist	1 2.000000 0.000000
arts	4 1.000000 0.000000
as	35 2.342857 2.796735
ascribe	1 1.000000 0.000000
ashamed	6 1.000000 0.000000
aside	1 1.000000 0.000000
asinine	1 1.000000 0.000000
ask	3 1.000000 0.000000
askance	1 1.000000 0.000000
asks	1 1.000000 0.000000
aspects	1 1.000000 0.000000
assaults	1 2.000000 0.000000
assigned	1 1.000000 0.000000
association	1 1.000000 0.000000
assume	1 1.000000 0.000000
assumes	1 1.000000 0.000000
assurance	1 2.000000 0.000000
assured	1 1.000000 0.000000
astonish	2 1.000000 0.000000
at	21 1.761905 1.133787
atheism	1 1.000000 0.000000
atlantic	1 1.000000 0.000000
attached	1 1.000000 0.000000
attempt	1 1.000000 0.000000
attend	1 1.000000 0.000000
attended	1 1.000000 0.000000
attentions	1 1.000000 0.000000
attitude	1 1.000000 0.000000
attorney	1 1.000000 0.000000
attribute	1 1.000000 0.000000
audate	1 1.000000 0.000000
aught	1 1.000000 0.000000
authority	1 1.000000 0.000000
authors	1 1.000000 0.000000
avail	1 1.000000 0.000000
avails	1 1.000000 0.000000
average	1 1.000000 0.000000
aversation	1 1.000000 0.000000
aversion	1 1.000000 0.000000
aversions	1 1.000000 0.000000
avoid	1 1.000000 0.000000
away	3 1.333333 0.222222
awe	1 1.000000 0.000000
awhile	1 1.000000 0.000000
ax	1 1.000000 0.000000
axis	1 1.000000 0.000000
babe	1 1.000000 0.000000
babes	1 1.000000 0.000000
back	2 1.500000 0.250000
backward	2 1.000000 0.000000
bacon	1 1.000000 0.000000
bad	3 1.000000 0.000000
badges	1 1.000000 0.000000
baffling	1 1.000000 0.000000
bake	1 1.000000 0.000000
bankruptcies	1 1.000000 0.000000
banner	1 1.000000 0.000000
bantling	1 1.000000 0.000000
barbadoes	1 1.000000 0.000000
barbarous	1 1.000000 0.000000
bards	1 1.000000 0.000000
base	2 1.000000 0.000000
bashful	1 1.000000 0.000000
bastard	1 1.000000 0.000000
battle	1 1.000000 0.000000
be	34 2.529412 4.013841
beam	1 1.000000 0.000000
beams	1 1.000000 0.000000
beauty	3 1.000000 0.000000
because	10 1.700000 0.810000
beck	1 1.000000 0.000000
become	3 1.000000 0.000000
becomes	3 1.000000 0.000000
becoming	1 1.000000 0.000000
bed	1 1.000000 0.000000
been	2 1.500000 0.250000
before	8 1.125000 0.109375
beforehand	1 1.000000 0.000000
befriends	1 1.000000 0.000000
beg	3 1.000000 0.000000
begin	1 1.000000 0.000000
begins	2 1.000000 0.000000
begirt	1 1.000000 0.000000
behavior	1 1.000000 0.000000
behind	2 1.000000 0.000000
beholding	1 1.000000 0.000000
beholds	1 1.000000 0.000000
being	10 1.200000 0.160000
believe	3 1.333333 0.222222
belong	2 1.500000 0.250000
belongs	1 1.000000 0.000000
below	1 1.000000 0.000000
bench	1 1.000000 0.000000
bended	1 1.000000 0.000000
beneath	1 1.000000 0.000000
benefactors	1 1.000000 0.000000
benefits	1 1.000000 0.000000
benevolence	1 1.000000 0.000000
bereave	1 1.000000 0.000000
bering	1 1.000000 0.000000
beside	2 1.000000 0.000000
besides	1 1.000000 0.000000
best	4 1.000000 0.000000
bestowed	1 1.000000 0.000000
betham	1 1.000000 0.000000
betraying	1 1.000000 0.000000
better	8 1.125000 0.109375
between	4 1.250000 0.187500
bible	1 1.000000 0.000000
bid	1 1.000000 0.000000
bigot	1 1.000000 0.000000
bill	2 1.000000 0.000000
biography	1 1.000000 0.000000
bivouac	1 1.000000 0.000000
black	1 1.000000 0.000000
blade	1 1.000000 0.000000
bleeding	1 1.000000 0.000000
blend	1 1.000000 0.000000
blessed	2 1.000000 0.000000
blindmans	1 1.000000 0.000000
blood	1 2.000000 0.000000
blow	1 2.000000 0.000000
blowing	1 1.000000 0.000000
blown	1 1.000000 0.000000
blows	1 1.000000 0.000000
blurs	1 1.000000 0.000000
board	1 1.000000 0.000000
boat	1 1.000000 0.000000
boats	1 1.000000 0.000000
bodies	1 1.000000 0.000000
bold	2 1.000000 0.000000
bonduca	1 1.000000 0.000000
book	2 1.000000 0.000000
books	3 1.000000 0.000000
born	3 1.333333 0.222222
borrow	1 1.000000 0.000000
boston	1 1.000000 0.000000
botany	1 1.000000 0.000000
both	1 2.000000 0.000000
bottom	1 1.000000 0.000000
bought	1 1.000000 0.000000
bound	1 1.000000 0.000000
bountiful	1 1.000000 0.000000
bow	1 1.000000 0.000000
boy	2 1.000000 0.000000
boys	1 2.000000 0.000000
brave	2 1.000000 0.000000
bread	2 1.000000 0.000000
break	2 1.000000 0.000000
breasts	1 1.000000 0.000000
breath	1 1.000000 0.000000
breathes	1 1.000000 0.000000
bright	1 1.000000 0.000000
bring	3 1.333333 0.222222
brings	1 1.000000 0.000000
broad	1 1.000000 0.000000
brook	2 1.000000 0.000000
brother	3 1.000000 0.000000
brothers	1 3.000000 0.000000
brute	1 1.000000 0.000000
brutes	1 1.000000 0.000000
bud	1 1.000000 0.000000
buff	1 1.000000 0.000000
building	1 1.000000 0.000000
built	4 1.000000 0.000000
bulk	1 1.000000 0.000000
burst	1 1.000000 0.000000
but	36 2.777778 4.006173
buys	1 1.000000 0.000000
by	29 2.068966 1.719382
bystanders	1 1.000000 0.000000
cabin	1 1.000000 0.000000
calamities	1 1.000000 0.000000
calculable	1 1.000000 0.000000
calendar	1 1.000000 0.000000
caliph	1 1.000000 0.000000
call	4 1.000000 0.000000
called	7 1.285714 0.489796
calls	1 1.000000 0.000000
calm	1 1.000000 0.000000
calms	1 1.000000 0.000000
calvinism	1 1.000000 0.000000
came	1 1.000000 0.000000
can	20 1.450000 1.247500
cannot	12 1.333333 0.722222
capitulate	1 1.000000 0.000000
caratach	1 1.000000 0.000000
caress	1 1.000000 0.000000
carriages	1 1.000000 0.000000
carried	1 1.000000 0.000000
carries	3 1.000000 0.000000
carry	2 1.000000 0.000000
casas	1 1.000000 0.000000
cast	3 1.000000 0.000000
cat	2 1.000000 0.000000
causation	1 1.000000 0.000000
cause	8 1.125000 0.109375
causes	1 1.000000 0.000000
ceases	1 1.000000 0.000000
celebrate	1 1.000000 0.000000
celestial	1 1.000000 0.000000
cent	1 1.000000 0.000000
center	2 1.500000 0.250000
centuries	3 1.333333 0.222222
century	1 1.000000 0.000000
ceremony	1 1.000000 0.000000
certain	1 1.000000 0.000000
chagrins	1 1.000000 0.000000
chained	1 1.000000 0.000000
chance	4 1.000000 0.000000
chancelors	1 1.000000 0.000000
chances	1 1.000000 0.000000
change	1 1.000000 0.000000
changes	1 1.000000 0.000000
chaos	1 1.000000 0.000000
character	5 1.200000 0.160000
characters	1 1.000000 0.000000
charities	1 1.000000 0.000000
charity	3 1.000000 0.000000
charm	1 1.000000 0.000000
chaste	2 1.000000 0.000000
chathams	1 1.000000 0.000000
cheap	1 1.000000 0.000000
check	1 1.000000 0.000000
cheerful	1 1.000000 0.000000
chiefly	1 1.000000 0.000000
child	3 1.333333 0.222222
childlike	1 1.000000 0.000000
children	3 1.000000 0.000000
chirp	1 1.000000 0.000000
chisel	1 1.000000 0.000000
choose	1 1.000000 0.000000
chopper	1 1.000000 0.000000
chosen	1 2.000000 0.000000
christ	1 1.000000 0.000000
christendom	1 1.000000 0.000000
christian	1 1.000000 0.000000
christianity	1 1.000000 0.000000
christianized	1 1.000000 0.000000
church	3 1.333333 0.222222
churches	1 1.000000 0.000000
churlish	1 1.000000 0.000000
circle	1 1.000000 0.000000
circumnavigation	1 1.000000 0.000000
circumstances	2 1.000000 0.000000
cities	3 1.000000 0.000000
city	1 1.000000 0.000000
civil	1 1.000000 0.000000
civilized	2 1.000000 0.000000
clad	1 1.000000 0.000000
claims	4 1.000000 0.000000
clapped	1 1.000000 0.000000
clarkson	1 1.000000 0.000000
class	2 1.500000 0.250000
classes	1 1.000000 0.000000
classification	1 3.000000 0.000000
classifications	1 1.000000 0.000000
clear	2 1.000000 0.000000
clearing	1 1.000000 0.000000
cleave	2 1.000000 0.000000
client	1 1.000000 0.000000
clients	1 1.000000 0.000000
climate	1 1.000000 0.000000
closet	1 1.000000 0.000000
clothe	1 1.000000 0.000000
cloven	1 1.000000 0.000000
club	1 1.000000 0.000000
coach	1 1.000000 0.000000
coat	2 1.000000 0.000000
code	1 1.000000 0.000000
college	2 1.000000 0.000000
colleges	1 1.000000 0.000000
color	1 1.000000 0.000000
colored	1 1.000000 0.000000
colors	1 1.000000 0.000000
colossal	2 1.000000 0.000000
columbus	1 1.000000 0.000000
column	1 1.000000 0.000000
come	10 1.200000 0.360000
comeliness	1 1.000000 0.000000
comes	3 1.000000 0.000000
coming	1 1.000000 0.000000
command	2 1.000000 0.000000
commandment	1 1.000000 0.000000
commands	2 1.000000 0.000000
commerce	1 1.000000 0.000000
commissaries	1 1.000000 0.000000
committed	1 1.000000 0.000000
commodity	1 1.000000 0.000000
common	3 1.000000 0.000000
commonly	1 1.000000 0.000000
communicate	2 1.000000 0.000000
communication	2 1.000000 0.000000
communities	1 1.000000 0.000000
companions	1 1.000000 0.000000
company	5 1.000000 0.000000
compare	1 1.000000 0.000000
compassion	1 1.000000 0.000000
compensate	1 1.000000 0.000000
complacency	1 1.000000 0.000000
complaining	1 1.000000 0.000000
completion	1 1.000000 0.000000
composed	1 1.000000 0.000000
computed	1 1.000000 0.000000
computing	1 1.000000 0.000000
concentrates	1 1.000000 0.000000
concern	1 1.000000 0.000000
concernment	1 1.000000 0.000000
concerns	1 1.000000 0.000000
conciliate	1 1.000000 0.000000
concourse	1 1.000000 0.000000
conditions	1 1.000000 0.000000
confess	1 1.000000 0.000000
confessionals	1 1.000000 0.000000
confided	1 1.000000 0.000000
confident	1 1.000000 0.000000
conform	1 1.000000 0.000000
conforming	1 1.000000 0.000000
conformity	4 1.250000 0.187500
conforms	1 1.000000 0.000000
confounded	1 1.000000 0.000000
confounds	1 1.000000 0.000000
confusion	1 1.000000 0.000000
congress	1 1.000000 0.000000
connection	1 1.000000 0.000000
conquered	1 1.000000 0.000000
consciousness	5 1.000000 0.000000
consent	1 1.000000 0.000000
consequences	1 1.000000 0.000000
conservation	1 1.000000 0.000000
consider	3 1.000000 0.000000
considering	1 1.000000 0.000000
consisted	1 1.000000 0.000000
consistency	3 1.333333 0.222222
conspiracy	2 1.000000 0.000000
conspirators	1 1.000000 0.000000
constancy	1 1.000000 0.000000
constitutes	1 1.000000 0.000000
constitution	1 1.000000 0.000000
contain	2 1.000000 0.000000
contemplation	1 1.000000 0.000000
contemporaries	2 1.000000 0.000000
contempt	1 1.000000 0.000000
contentment	1 1.000000 0.000000
continual	1 1.000000 0.000000
continually	1 1.000000 0.000000
contradict	3 1.333333 0.222222
contrast	1 1.000000 0.000000
contribute	1 1.000000 0.000000
contrite	1 1.000000 0.000000
convenience	1 1.000000 0.000000
conventional	1 1.000000 0.000000
conventions	1 2.000000 0.000000
conversation	1 1.000000 0.000000
converse	1 1.000000 0.000000
conviction	2 1.000000 0.000000
cool	1 1.000000 0.000000
copernicus	1 1.000000 0.000000
copy	1 1.000000 0.000000
corn	3 1.000000 0.000000
corner	2 1.000000 0.000000
corpse	1 1.000000 0.000000
corresponds	1 1.000000 0.000000
costly	1 1.000000 0.000000
costume	1 1.000000 0.000000
could	2 2.000000 1.000000
countenance	2 1.000000 0.000000
counteraction	1 1.000000 0.000000
country	2 1.000000 0.000000
courage	2 1.000000 0.000000
course	2 1.000000 0.000000
court	1 2.000000 0.000000
cousin	1 1.000000 0.000000
covenants	1 1.000000 0.000000
cowards	2 1.000000 0.000000
crack	1 1.000000 0.000000
craves	1 1.000000 0.000000
create	2 1.000000 0.000000
created	1 1.000000 0.000000
creation	1 1.000000 0.000000
creators	1 1.000000 0.000000
creeds	1 2.000000 0.000000
crime	1 1.000000 0.000000
crimes	1 1.000000 0.000000
crowd	1 1.000000 0.000000
crown	1 1.000000 0.000000
crutches	1 1.000000 0.000000
cry	2 1.000000 0.000000
cultivated	2 1.000000 0.000000
cultivation	1 1.000000 0.000000
culture	2 1.000000 0.000000
cumbers	1 1.000000 0.000000
cumulative	2 1.000000 0.000000
cup	1 1.000000 0.000000
curiosity	2 1.000000 0.000000
curious	1 1.000000 0.000000
curve	1 1.000000 0.000000
custom	2 1.000000 0.000000
customs	3 1.000000 0.000000
cut	1 1.000000 0.000000
cæsar	1 1.000000 0.000000
daily	1 1.000000 0.000000
dante	1 1.000000 0.000000
dare	2 1.000000 0.000000
dares	1 1.000000 0.000000
dark	1 1.000000 0.000000
darting	1 1.000000 0.000000
darts	1 1.000000 0.000000
data	1 1.000000 0.000000
date	1 1.000000 0.000000
david	1 1.000000 0.000000
day	16 1.250000 0.312500
days	5 1.200000 0.160000
dead	3 1.666667 0.888889
deal	1 1.000000 0.000000
dear	2 1.000000 0.000000
death	2 1.000000 0.000000
debts	1 1.000000 0.000000
deceived	1 1.000000 0.000000
deceiving	1 1.000000 0.000000
decent	1 1.000000 0.000000
declaration	1 1.000000 0.000000
decorous	1 1.000000 0.000000
deep	3 1.000000 0.000000
deeper	1 1.000000 0.000000
defend	1 1.000000 0.000000
deference	1 1.000000 0.000000
degrades	1 1.000000 0.000000
degree	1 1.000000 0.000000
degrees	1 1.000000 0.000000
deign	2 1.000000 0.000000
deity	1 1.000000 0.000000
delegation	1 1.000000 0.000000
delight	1 1.000000 0.000000
deliver	1 1.000000 0.000000
deliverance	1 1.000000 0.000000
demands	1 1.000000 0.000000
democrats	1 1.000000 0.000000
demonstrate	1 1.000000 0.000000
demonstrations	1 1.000000 0.000000
denied	2 1.000000 0.000000
denies	1 1.000000 0.000000
denote	1 1.000000 0.000000
dependence	1 1.000000 0.000000
dependent	1 1.000000 0.000000
depends	1 1.000000 0.000000
deprecate	1 1.000000 0.000000
depth	1 1.000000 0.000000
derived	1 1.000000 0.000000
deserts	1 1.000000 0.000000
deserve	1 1.000000 0.000000
design	1 1.000000 0.000000
desire	2 1.000000 0.000000
desponding	1 1.000000 0.000000
destiny	1 1.000000 0.000000
detach	1 1.000000 0.000000
detect	2 1.000000 0.000000
deviation	1 1.000000 0.000000
devil	1 1.000000 0.000000
devils	1 1.000000 0.000000
devout	1 1.000000 0.000000
dial	1 1.000000 0.000000
dictated	1 1.000000 0.000000
did	4 1.000000 0.000000
die	2 1.000000 0.000000
diet	1 1.000000 0.000000
difference	1 1.000000 0.000000
different	1 1.000000 0.000000
difficulty	1 1.000000 0.000000
dignity	1 1.000000 0.000000
dilapidated	1 1.000000 0.000000
dime	1 1.000000 0.000000
dinner	2 1.000000 0.000000
diogenes	1 1.000000 0.000000
direct	1 1.000000 0.000000
directs	1 1.000000 0.000000
disagreeable	1 1.000000 0.000000
disappear	1 1.000000 0.000000
disappoint	1 1.000000 0.000000
disapprobation	1 1.000000 0.000000
disburden	1 1.000000 0.000000
discern	2 1.500000 0.250000
discharge	1 1.000000 0.000000
disconcerted	1 1.000000 0.000000
discontent	2 1.000000 0.000000
discover	1 1.000000 0.000000
discovered	1 1.000000 0.000000
discriminates	1 1.000000 0.000000
disdain	1 1.000000 0.000000
disease	1 2.000000 0.000000
disencumbering	1 1.000000 0.000000
disheartened	1 1.000000 0.000000
dismisses	1 1.000000 0.000000
dispense	1 1.000000 0.000000
displeasure	1 1.000000 0.000000
disputed	1 1.000000 0.000000
dissolved	1 1.000000 0.000000
distance	1 2.000000 0.000000
distant	1 1.000000 0.000000
distinction	2 1.000000 0.000000
distinguish	1 1.000000 0.000000
distrust	1 1.000000 0.000000
disuse	1 1.000000 0.000000
diverse	1 1.000000 0.000000
divided	1 1.000000 0.000000
divine	4 1.250000 0.187500
divines	1 1.000000 0.000000
do	20 2.050000 2.447500
docility	1 1.000000 0.000000
doctrine	2 1.500000 0.250000
doctrines	1 1.000000 0.000000
does	14 1.571429 0.530612
dog	1 1.000000 0.000000
dollar	1 3.000000 0.000000
dolls	1 1.000000 0.000000
domesticated	1 1.000000 0.000000
done	6 1.500000 0.250000
door	2 1.000000 0.000000
doors	2 1.000000 0.000000
doric	1 1.000000 0.000000
doubt	1 1.000000 0.000000
down	2 1.000000 0.000000
drag	1 1.000000 0.000000
drawn	1 1.000000 0.000000
dream	1 1.000000 0.000000
dressed	1 1.000000 0.000000
drunk	1 1.000000 0.000000
dualism	1 1.000000 0.000000
due	3 1.000000 0.000000
duke	1 1.000000 0.000000
dukes	1 2.000000 0.000000
duties	2 1.500000 0.250000
duty	4 1.000000 0.000000
dwelt	1 1.000000 0.000000
each	9 1.333333 0.888889
ear	2 1.000000 0.000000
early	1 1.000000 0.000000
earnest	2 1.000000 0.000000
earth	2 1.000000 0.000000
ease	1 1.000000 0.000000
easily	2 1.000000 0.000000
easy	4 1.250000 0.187500
eat	1 1.000000 0.000000
eater	1 1.000000 0.000000
edge	1 1.000000 0.000000
edits	1 1.000000 0.000000
educate	1 1.000000 0.000000
educated	1 1.000000 0.000000
education	5 1.000000 0.000000
edward	1 1.000000 0.000000
effect	2 1.000000 0.000000
effort	1 1.000000 0.000000
egypt	1 1.000000 0.000000
egyptians	1 1.000000 0.000000
either	1 1.000000 0.000000
electric	1 1.000000 0.000000
elemental	1 1.000000 0.000000
elements	1 1.000000 0.000000
elevation	1 1.000000 0.000000
eloquence	1 1.000000 0.000000
eloquent	2 1.000000 0.000000
else	3 1.333333 0.222222
elsewhere	1 1.000000 0.000000
embark	1 1.000000 0.000000
embrace	1 1.000000 0.000000
embraces	1 1.000000 0.000000
eminent	2 1.000000 0.000000
emit	1 1.000000 0.000000
emotion	1 1.000000 0.000000
emperor	1 1.000000 0.000000
emphatic	2 1.000000 0.000000
empire	1 1.000000 0.000000
emptiest	1 1.000000 0.000000
enables	1 1.000000 0.000000
encumber	1 1.000000 0.000000
end	3 1.000000 0.000000
endeavor	1 1.000000 0.000000
endeavors	1 1.000000 0.000000
endless	2 1.000000 0.000000
ends	1 1.000000 0.000000
energy	1 1.000000 0.000000
engage	1 1.000000 0.000000
england	1 2.000000 0.000000
enough	3 1.000000 0.000000
enter	4 1.000000 0.000000
enterprises	1 1.000000 0.000000
enters	1 1.000000 0.000000
entrenched	1 1.000000 0.000000
enviable	1 1.000000 0.000000
envy	1 1.000000 0.000000
ephemeral	1 1.000000 0.000000
ephemeris	1 1.000000 0.000000
equal	1 1.000000 0.000000
equality	1 1.000000 0.000000
equally	2 1.000000 0.000000
equinox	1 1.000000 0.000000
equip	1 1.000000 0.000000
equipage	1 1.000000 0.000000
equipment	1 1.000000 0.000000
erect	1 1.000000 0.000000
err	1 1.000000 0.000000
escort	1 1.000000 0.000000
especially	1 1.000000 0.000000
essence	1 1.000000 0.000000
essential	2 1.000000 0.000000
essex	1 1.000000 0.000000
establishments	1 1.000000 0.000000
estate	1 1.000000 0.000000
esteem	1 2.000000 0.000000
estimate	2 1.000000 0.000000
eternal	2 1.000000 0.000000
ethics	1 1.000000 0.000000
europe	1 1.000000 0.000000
even	8 1.000000 0.000000
event	1 1.000000 0.000000
events	2 1.000000 0.000000
ever	5 1.000000 0.000000
evermore	1 1.000000 0.000000
every	18 1.166667 0.138889
everybody	1 1.000000 0.000000
everything	4 1.000000 0.000000
everywhere	3 1.000000 0.000000
evidence	1 1.000000 0.000000
evil	1 1.000000 0.000000
exact	1 1.000000 0.000000
examining	1 1.000000 0.000000
example	1 1.000000 0.000000
examples	1 1.000000 0.000000
excellent	1 1.000000 0.000000
exception	1 1.000000 0.000000
exchange	1 1.000000 0.000000
exclude	2 1.000000 0.000000
exercise	1 1.000000 0.000000
exercises	1 1.000000 0.000000
exerts	1 1.000000 0.000000
exhausted	1 1.000000 0.000000
exhaustible	1 1.000000 0.000000
exhibited	1 1.000000 0.000000
exist	2 1.000000 0.000000
existed	1 1.000000 0.000000
existence	3 1.000000 0.000000
exists	1 1.000000 0.000000
expect	1 1.000000 0.000000
expectation	1 1.000000 0.000000
expediency	1 1.000000 0.000000
experience	3 1.000000 0.000000
expiate	1 1.000000 0.000000
expiation	1 1.000000 0.000000
explain	1 2.000000 0.000000
explained	1 1.000000 0.000000
explains	1 1.000000 0.000000
explanation	1 1.000000 0.000000
explore	1 1.000000 0.000000
express	1 1.000000 0.000000
expression	4 1.000000 0.000000
extemporaneous	1 1.000000 0.000000
extent	1 1.000000 0.000000
extenuation	1 1.000000 0.000000
external	1 1.000000 0.000000
extra	1 1.000000 0.000000
eye	6 1.000000 0.000000
eyed	1 1.000000 0.000000
eyes	6 1.000000 0.000000
fable	1 1.000000 0.000000
fables	1 1.000000 0.000000
face	6 1.333333 0.555556
faces	2 1.500000 0.250000
fact	8 1.125000 0.109375
facts	2 1.000000 0.000000
faculties	2 1.000000 0.000000
fail	1 1.000000 0.000000
fails	2 1.000000 0.000000
faint	1 1.000000 0.000000
faintest	1 1.000000 0.000000
faith	2 1.000000 0.000000
faithful	1 1.000000 0.000000
faithfully	1 1.000000 0.000000
fall	2 1.000000 0.000000
falling	1 1.000000 0.000000
falls	2 1.000000 0.000000
false	3 1.333333 0.222222
familiar	1 1.000000 0.000000
family	1 1.000000 0.000000
fancy	2 1.000000 0.000000
far	2 1.000000 0.000000
farmer	1 1.000000 0.000000
farms	1 1.000000 0.000000
fascination	1 1.000000 0.000000
fast	2 1.000000 0.000000
fatal	2 1.000000 0.000000
fate	2 1.000000 0.000000
father	4 1.000000 0.000000
fault	1 1.000000 0.000000
faults	1 1.000000 0.000000
favorable	1 1.000000 0.000000
fear	4 1.000000 0.000000
feel	4 1.000000 0.000000
feels	3 1.333333 0.222222
feet	6 1.000000 0.000000
fellows	1 1.000000 0.000000
felt	1 1.000000 0.000000
feminine	1 1.000000 0.000000
few	5 1.400000 0.240000
field	2 1.000000 0.000000
fife	1 1.000000 0.000000
figure	1 1.000000 0.000000
fill	2 1.000000 0.000000
fills	1 1.000000 0.000000
find	4 1.000000 0.000000
finding	2 1.000000 0.000000
finds	1 1.000000 0.000000
fine	2 1.000000 0.000000
finest	1 1.000000 0.000000
finger	1 1.000000 0.000000
fire	1 1.000000 0.000000
firm	3 1.000000 0.000000
firmament	1 1.000000 0.000000
first	7 1.000000 0.000000
fishing	1 1.000000 0.000000
fitted	1 1.000000 0.000000
five	1 1.000000 0.000000
flashes	1 1.000000 0.000000
fled	1 1.000000 0.000000
flee	1 1.000000 0.000000
fleeing	1 1.000000 0.000000
flesh	3 1.000000 0.000000
fletchers	1 1.000000 0.000000
flourished	1 1.000000 0.000000
flower	1 1.000000 0.000000
flung	1 1.000000 0.000000
fold	1 1.000000 0.000000
folk	1 1.000000 0.000000
follow	4 1.000000 0.000000
followed	1 1.000000 0.000000
folly	1 1.000000 0.000000
foolish	4 1.000000 0.000000
foolishly	1 1.000000 0.000000
fools	2 1.000000 0.000000
footprints	1 1.000000 0.000000
for	39 1.820513 1.019066
forbear	1 1.000000 0.000000
forbidding	1 1.000000 0.000000
force	8 1.125000 0.109375
forced	3 1.000000 0.000000
foregone	1 1.000000 0.000000
foreign	4 1.750000 0.187500
foresee	1 1.000000 0.000000
forever	1 1.000000 0.000000
foreworld	1 1.000000 0.000000
forget	1 1.000000 0.000000
forgotten	1 1.000000 0.000000
form	1 1.000000 0.000000
former	2 1.000000 0.000000
formidable	2 1.000000 0.000000
forms	2 1.000000 0.000000
forth	2 1.000000 0.000000
fortune	4 1.000000 0.000000
forward	1 1.000000 0.000000
fosters	1 1.000000 0.000000
found	3 1.000000 0.000000
founder	1 1.000000 0.000000
fountain	1 1.000000 0.000000
four	3 1.333333 0.222222
fourier	1 1.000000 0.000000
fox	2 1.000000 0.000000
franklin	2 1.000000 0.000000
friend	4 1.250000 0.187500
friends	5 1.000000 0.000000
from	27 1.555556 1.654321
fulfill	1 1.000000 0.000000
full	2 1.000000 0.000000
fullness	1 1.000000 0.000000
fully	1 1.000000 0.000000
future	3 1.000000 0.000000
gain	1 1.000000 0.000000
gains	1 1.000000 0.000000
galileo	2 1.000000 0.000000
gamble	1 1.000000 0.000000
game	1 1.000000 0.000000
garnished	1 1.000000 0.000000
gather	1 1.000000 0.000000
gaudier	1 1.000000 0.000000
gauge	1 1.000000 0.000000
gay	2 1.000000 0.000000
gazetted	1 1.000000 0.000000
general	1 1.000000 0.000000
genesis	1 1.000000 0.000000
geneva	1 1.000000 0.000000
genius	9 1.111111 0.098765
gentlemen	1 1.000000 0.000000
gentlest	1 1.000000 0.000000
genuine	3 1.333333 0.222222
get	1 1.000000 0.000000
giant	1 1.000000 0.000000
gift	2 1.000000 0.000000
gifts	1 1.000000 0.000000
gild	1 1.000000 0.000000
girl	1 1.000000 0.000000
give	4 1.250000 0.187500
given	2 1.000000 0.000000
gives	1 1.000000 0.000000
giveth	1 1.000000 0.000000
gladly	1 1.000000 0.000000
glass	1 1.000000 0.000000
gleam	1 1.000000 0.000000
glittering	1 1.000000 0.000000
globe	1 1.000000 0.000000
go	8 1.250000 0.437500
god	13 1.461538 0.556213
godlike	2 1.000000 0.000000
gods	2 1.500000 0.250000
goes	5 1.000000 0.000000
gong	1 1.000000 0.000000
good	14 1.500000 0.678571
goodness	1 3.000000 0.000000
goods	1 1.000000 0.000000
gothic	1 1.000000 0.000000
government	2 1.000000 0.000000
governments	1 1.000000 0.000000
grace	1 1.000000 0.000000
graceless	1 1.000000 0.000000
gracious	1 1.000000 0.000000
grand	1 1.000000 0.000000
grandames	1 1.000000 0.000000
grandeur	1 1.000000 0.000000
grass	1 1.000000 0.000000
gratitude	1 1.000000 0.000000
grave	1 1.000000 0.000000
gravitation	1 1.000000 0.000000
great	13 1.307692 0.366864
greater	4 1.250000 0.187500
greatness	2 1.000000 0.000000
greece	1 1.000000 0.000000
greenwich	1 1.000000 0.000000
greet	1 1.000000 0.000000
greeting	1 1.000000 0.000000
grind	1 1.000000 0.000000
ground	1 1.000000 0.000000
grounded	1 1.000000 0.000000
grounds	1 1.000000 0.000000
grow	4 1.000000 0.000000
growl	1 1.000000 0.000000
grown	1 1.000000 0.000000
grows	1 1.000000 0.000000
growth	1 1.000000 0.000000
grudge	1 1.000000 0.000000
guards	1 1.000000 0.000000
guides	1 1.000000 0.000000
gulf	1 1.000000 0.000000
gustavus	1 1.000000 0.000000
habit	2 1.000000 0.000000
had	3 1.000000 0.000000
half	2 1.000000 0.000000
hampshire	2 1.000000 0.000000
hand	1 1.000000 0.000000
handkerchief	1 1.000000 0.000000
handmill	1 1.000000 0.000000
hands	3 1.000000 0.000000
handsomer	1 1.000000 0.000000
happen	1 1.000000 0.000000
happier	1 1.000000 0.000000
happy	1 1.000000 0.000000
hard	2 1.500000 0.250000
harder	1 1.000000 0.000000
hark	1 1.000000 0.000000
harlot	1 1.000000 0.000000
harm	1 1.000000 0.000000
harmonious	1 1.000000 0.000000
harmony	1 1.000000 0.000000
harsh	1 1.000000 0.000000
has	18 1.777778 1.172840
hast	1 1.000000 0.000000
hated	1 1.000000 0.000000
hates	2 1.000000 0.000000
hatred	2 1.000000 0.000000
have	27 1.851852 1.163237
having	3 1.000000 0.000000
hawk	1 1.000000 0.000000
he	31 2.838710 5.941727
head	2 1.000000 0.000000
heal	1 1.000000 0.000000
healing	1 1.000000 0.000000
health	3 1.000000 0.000000
healthy	1 1.000000 0.000000
hear	6 1.000000 0.000000
heard	2 1.000000 0.000000
hears	1 1.000000 0.000000
heart	9 1.111111 0.098765
hearth	1 1.000000 0.000000
heaven	1 1.000000 0.000000
heedless	1 1.000000 0.000000
height	4 1.000000 0.000000
held	2 1.000000 0.000000
help	2 1.000000 0.000000
helping	1 1.000000 0.000000
helps	1 1.000000 0.000000
henceforward	2 1.500000 0.250000
her	2 2.000000 1.000000
here	3 1.333333 0.222222
hereafter	1 1.000000 0.000000
hermit	1 1.000000 0.000000
heroes	2 1.000000 0.000000
hidden	1 1.000000 0.000000
hide	1 1.000000 0.000000
hieroglyphic	1 1.000000 0.000000
high	2 1.000000 0.000000
highest	5 1.000000 0.000000
him	20 1.950000 3.247500
himmaleh	1 1.000000 0.000000
himself	12 1.416667 0.409722
hindered	2 1.000000 0.000000
his	35 2.885714 3.929796
history	5 1.200000 0.160000
hitherto	1 1.000000 0.000000
hoarded	1 1.000000 0.000000
hobgoblin	1 1.000000 0.000000
holy	2 1.000000 0.000000
homage	1 2.000000 0.000000
home	7 1.142857 0.122449
honest	4 1.000000 0.000000
honor	2 1.000000 0.000000
honors	1 1.000000 0.000000
hope	7 1.142857 0.122449
horizon	1 1.000000 0.000000
hospitality	1 1.000000 0.000000
hour	4 1.000000 0.000000
hours	2 1.000000 0.000000
house	5 1.000000 0.000000
housekeepers	1 1.000000 0.000000
housekeeping	1 1.000000 0.000000
houses	2 1.000000 0.000000
how	8 1.500000 0.500000
however	2 1.000000 0.000000
hudson	1 1.000000 0.000000
hum	1 1.000000 0.000000
human	1 1.000000 0.000000
humanity	2 1.000000 0.000000
humbly	1 1.000000 0.000000
humored	1 1.000000 0.000000
hundred	2 1.500000 0.250000
hundreds	1 1.000000 0.000000
hung	1 1.000000 0.000000
hunting	1 1.000000 0.000000
hurl	1 1.000000 0.000000
hurt	1 1.000000 0.000000
husband	1 1.000000 0.000000
husbandry	1 1.000000 0.000000
hutton	1 1.000000 0.000000
hypocritical	1 1.000000 0.000000
i	22 4.681818 35.398760
idea	1 1.000000 0.000000
identical	1 1.000000 0.000000
identity	1 1.000000 0.000000
idlest	1 1.000000 0.000000
idolatries	1 1.000000 0.000000
idolized	1 1.000000 0.000000
idols	1 1.000000 0.000000
if	18 2.333333 3.333333
ignorance	1 1.000000 0.000000
ignorant	1 1.000000 0.000000
ill	1 1.000000 0.000000
imagination	3 1.000000 0.000000
imagine	2 1.000000 0.000000
imagines	1 1.000000 0.000000
imitate	2 1.000000 0.000000
imitation	3 1.000000 0.000000
immaculate	1 1.000000 0.000000
immense	1 1.000000 0.000000
immortal	2 1.000000 0.000000
immortals	1 1.000000 0.000000
impair	1 1.000000 0.000000
imparted	1 1.000000 0.000000
imparting	1 1.000000 0.000000
impertinence	1 1.000000 0.000000
impiety	1 1.000000 0.000000
importune	2 1.000000 0.000000
imposes	1 1.000000 0.000000
impossible	1 1.000000 0.000000
impression	3 1.000000 0.000000
improved	1 1.000000 0.000000
improvement	1 1.000000 0.000000
improvements	1 1.000000 0.000000
improves	1 1.000000 0.000000
impulses	1 1.000000 0.000000
impure	2 1.000000 0.000000
in	45 3.866667 3.537778
inasmuch	1 1.000000 0.000000
inaudible	1 1.000000 0.000000
inborn	1 1.000000 0.000000
including	1 1.000000 0.000000
increases	1 1.000000 0.000000
incredible	1 1.000000 0.000000
independence	2 1.000000 0.000000
independent	1 2.000000 0.000000
indifference	1 1.000000 0.000000
indifferent	1 1.000000 0.000000
indignation	1 1.000000 0.000000
individual	1 1.000000 0.000000
indomitable	1 1.000000 0.000000
inequalities	1 1.000000 0.000000
infancy	1 1.000000 0.000000
infant	1 1.000000 0.000000
infinite	1 1.000000 0.000000
infirmity	1 1.000000 0.000000
inflexibility	1 1.000000 0.000000
influence	1 1.000000 0.000000
information	1 1.000000 0.000000
inhabit	1 1.000000 0.000000
inheritance	1 1.000000 0.000000
injury	1 1.000000 0.000000
inly	1 1.000000 0.000000
inmost	1 1.000000 0.000000
innocence	1 1.000000 0.000000
inquire	2 1.000000 0.000000
inquiry	1 1.000000 0.000000
insane	2 1.000000 0.000000
insects	1 1.000000 0.000000
insignificant	1 1.000000 0.000000
insist	1 1.000000 0.000000
insolvent	1 1.000000 0.000000
inspiration	1 1.000000 0.000000
installed	1 1.000000 0.000000
instant	1 1.000000 0.000000
instantly	1 1.000000 0.000000
instead	2 1.000000 0.000000
instill	1 1.000000 0.000000
instinct	1 1.000000 0.000000
instincts	1 1.000000 0.000000
institution	2 1.000000 0.000000
institutions	4 1.000000 0.000000
instructed	2 1.000000 0.000000
insurance	1 1.000000 0.000000
integrity	1 1.000000 0.000000
intellect	2 1.000000 0.000000
intellects	1 1.000000 0.000000
intellectual	3 1.000000 0.000000
intelligence	1 1.000000 0.000000
interest	2 1.000000 0.000000
interesting	1 1.000000 0.000000
interests	1 1.000000 0.000000
interloper	2 1.000000 0.000000
internal	1 1.000000 0.000000
interpose	1 1.000000 0.000000
intervals	1 1.000000 0.000000
interweave	1 1.000000 0.000000
into	16 1.687500 0.964844
intoxicated	1 3.000000 0.000000
intrinsic	1 1.000000 0.000000
introduced	1 1.000000 0.000000
intruding	1 1.000000 0.000000
intuition	2 1.000000 0.000000
invaders	1 1.000000 0.000000
invalids	2 1.000000 0.000000
invention	1 1.000000 0.000000
inventions	1 1.000000 0.000000
invigorate	1 1.000000 0.000000
involuntary	1 2.000000 0.000000
iron	2 1.000000 0.000000
irresponsible	1 1.000000 0.000000
is	48 4.854167 12.374566
isolation	1 1.000000 0.000000
israelites	1 1.000000 0.000000
issues	1 1.000000 0.000000
it	42 3.309524 5.023243
italy	1 2.000000 0.000000
its	16 1.812500 1.027344
itself	11 1.181818 0.148760
jail	1 1.000000 0.000000
jeremiah	1 1.000000 0.000000
jesus	2 1.000000 0.000000
john	1 1.000000 0.000000
joint	1 1.000000 0.000000
joseph	1 1.000000 0.000000
journeys	1 1.000000 0.000000
joy	2 1.000000 0.000000
joyful	2 1.000000 0.000000
jubilant	1 1.000000 0.000000
judas	1 1.000000 0.000000
judge	1 1.000000 0.000000
judgment	2 1.000000 0.000000
just	3 1.000000 0.000000
justice	1 1.000000 0.000000
justify	2 1.000000 0.000000
keep	4 1.000000 0.000000
keeps	2 1.000000 0.000000
kernel	1 1.000000 0.000000
kind	1 1.000000 0.000000
king	1 1.000000 0.000000
kingdom	1 1.000000 0.000000
kingdoms	1 1.000000 0.000000
kings	3 1.000000 0.000000
kneeling	1 2.000000 0.000000
knock	1 1.000000 0.000000
know	11 1.545455 2.066116
knowing	1 1.000000 0.000000
known	2 1.000000 0.000000
knows	8 1.125000 0.109375
lacks	1 1.000000 0.000000
lad	1 1.000000 0.000000
laid	1 1.000000 0.000000
laments	1 1.000000 0.000000
lands	1 1.000000 0.000000
lap	1 1.000000 0.000000
large	1 1.000000 0.000000
las	1 1.000000 0.000000
last	8 1.250000 0.437500
late	1 1.000000 0.000000
latent	1 1.000000 0.000000
later	1 1.000000 0.000000
laudation	1 1.000000 0.000000
lavoisier	1 1.000000 0.000000
law	9 1.333333 0.222222
laws	1 1.000000 0.000000
lax	1 1.000000 0.000000
leads	2 1.000000 0.000000
leaf	1 1.000000 0.000000
leafless	1 1.000000 0.000000
lean	3 1.000000 0.000000
leaning	1 1.000000 0.000000
learn	1 1.000000 0.000000
learned	2 1.000000 0.000000
least	2 1.000000 0.000000
leave	3 1.000000 0.000000
length	1 1.000000 0.000000
lengthened	1 1.000000 0.000000
less	4 1.000000 0.000000
lesson	1 1.000000 0.000000
lest	2 1.000000 0.000000
let	11 1.818182 1.239669
lethe	1 1.000000 0.000000
liberty	2 1.000000 0.000000
libraries	1 1.000000 0.000000
lie	1 1.000000 0.000000
lies	5 1.000000 0.000000
life	15 1.400000 0.640000
lifes	1 1.000000 0.000000
light	6 1.500000 0.583333
like	11 1.454545 0.611570
limbs	1 1.000000 0.000000
line	1 2.000000 0.000000
lines	1 1.000000 0.000000
lintels	1 1.000000 0.000000
little	3 1.666667 0.222222
live	7 1.428571 0.244898
lived	2 1.000000 0.000000
lives	4 1.250000 0.187500
living	3 1.000000 0.000000
lo	1 1.000000 0.000000
locke	1 1.000000 0.000000
long	3 1.000000 0.000000
longer	2 1.500000 0.250000
look	6 1.000000 0.000000
looked	1 2.000000 0.000000
looking	1 1.000000 0.000000
looks	2 1.000000 0.000000
lord	1 1.000000 0.000000
lordship	1 1.000000 0.000000
lose	3 1.000000 0.000000
loses	3 1.000000 0.000000
lost	3 1.333333 0.222222
lot	1 1.000000 0.000000
loth	1 1.000000 0.000000
loud	1 1.000000 0.000000
love	6 2.500000 1.583333
loves	1 1.000000 0.000000
low	3 1.000000 0.000000
lower	2 1.000000 0.000000
loyalty	1 1.000000 0.000000
luminaries	1 1.000000 0.000000
lungs	1 1.000000 0.000000
luster	2 1.000000 0.000000
luther	2 1.000000 0.000000
lying	1 2.000000 0.000000
machinery	2 1.500000 0.250000
made	7 1.000000 0.000000
magazines	1 1.000000 0.000000
magnanimity	1 1.000000 0.000000
magnetism	1 1.000000 0.000000
magnetized	1 1.000000 0.000000
maine	1 1.000000 0.000000
maintain	1 1.000000 0.000000
majesty	2 1.000000 0.000000
make	9 1.222222 0.395062
maker	1 1.000000 0.000000
makes	7 1.000000 0.000000
malice	1 1.000000 0.000000
man	33 2.212121 2.833792
manhood	3 1.000000 0.000000
manifest	1 1.000000 0.000000
mankind	1 1.000000 0.000000
manly	2 1.000000 0.000000
manner	1 1.000000 0.000000
mans	2 1.000000 0.000000
many	2 1.000000 0.000000
marble	1 1.000000 0.000000
mark	1 1.000000 0.000000
marriages	1 1.000000 0.000000
master	2 1.500000 0.250000
masterly	1 1.000000 0.000000
masters	2 1.000000 0.000000
mat	1 1.000000 0.000000
matter	1 1.000000 0.000000
maturation	1 1.000000 0.000000
may	13 1.461538 0.402367
mazes	1 1.000000 0.000000
me	13 2.153846 4.591716
mean	3 1.000000 0.000000
meaning	1 1.000000 0.000000
meanness	2 1.000000 0.000000
means	5 1.000000 0.000000
meantime	1 1.000000 0.000000
measure	2 1.500000 0.250000
measures	1 1.000000 0.000000
mechanical	1 1.000000 0.000000
mediatorial	1 1.000000 0.000000
mediocrity	1 1.000000 0.000000
meet	1 1.000000 0.000000
meeting	2 1.000000 0.000000
members	1 2.000000 0.000000
memory	4 1.500000 0.750000
men	26 1.653846 0.995562
mendicant	2 1.000000 0.000000
mens	3 1.000000 0.000000
merchant	1 1.000000 0.000000
mere	1 1.000000 0.000000
merely	2 1.000000 0.000000
merit	1 1.000000 0.000000
merits	1 1.000000 0.000000
metaphysics	1 1.000000 0.000000
method	1 1.000000 0.000000
methodism	1 1.000000 0.000000
midst	1 1.000000 0.000000
might	2 1.000000 0.000000
miles	1 1.000000 0.000000
million	1 2.000000 0.000000
millions	1 1.000000 0.000000
milton	2 1.000000 0.000000
mind	11 1.545455 0.793388
minds	4 1.000000 0.000000
mine	1 2.000000 0.000000
minister	1 1.000000 0.000000
ministers	1 1.000000 0.000000
minors	1 1.000000 0.000000
miracle	1 1.000000 0.000000
miracles	2 1.000000 0.000000
miraculous	1 1.000000 0.000000
miscarry	1 1.000000 0.000000
miscellaneous	1 1.000000 0.000000
missionary	1 1.000000 0.000000
misunderstood	1 4.000000 0.000000
mob	1 1.000000 0.000000
mobs	1 1.000000 0.000000
model	1 2.000000 0.000000
modes	1 1.000000 0.000000
modest	1 1.000000 0.000000
moldered	1 1.000000 0.000000
moment	5 1.200000 0.160000
moments	2 1.000000 0.000000
monachism	1 1.000000 0.000000
money	1 1.000000 0.000000
moon	1 1.000000 0.000000
moral	1 1.000000 0.000000
more	11 1.272727 0.380165
morning	1 1.000000 0.000000
morrow	2 1.500000 0.250000
mortal	1 1.000000 0.000000
mortifying	1 1.000000 0.000000
moses	2 1.000000 0.000000
most	5 1.200000 0.160000
mother	3 1.000000 0.000000
motions	1 1.000000 0.000000
motives	1 1.000000 0.000000
moved	1 2.000000 0.000000
moves	1 1.000000 0.000000
mow	1 1.000000 0.000000
much	14 1.214286 0.168367
multitude	2 1.500000 0.250000
murmur	1 1.000000 0.000000
muscle	1 1.000000 0.000000
muscles	1 1.000000 0.000000
muse	1 1.000000 0.000000
must	18 1.611111 1.126543
mutation	1 1.000000 0.000000
mutual	1 1.000000 0.000000
my	15 2.600000 3.973333
myself	3 1.666667 0.888889
naked	2 1.000000 0.000000
name	5 1.200000 0.160000
names	2 1.500000 0.250000
naples	1 2.000000 0.000000
napoleon	1 1.000000 0.000000
nation	2 1.000000 0.000000
nations	3 1.000000 0.000000
native	2 1.000000 0.000000
natural	2 1.000000 0.000000
nature	18 1.333333 0.444444
natured	1 1.000000 0.000000
natures	1 1.000000 0.000000
naught	1 1.000000 0.000000
nautical	1 1.000000 0.000000
ne	1 1.000000 0.000000
near	3 1.000000 0.000000
nearest	1 1.000000 0.000000
neat	1 1.000000 0.000000
necessary	1 1.000000 0.000000
necessities	1 1.000000 0.000000
necessity	2 1.000000 0.000000
need	5 1.200000 0.160000
needs	1 1.000000 0.000000
neglect	1 1.000000 0.000000
neighbor	1 1.000000 0.000000
neutrality	1 1.000000 0.000000
never	6 1.166667 0.138889
new	13 2.000000 2.923077
news	1 1.000000 0.000000
newspaper	2 1.000000 0.000000
newton	2 1.000000 0.000000
next	2 1.000000 0.000000
night	3 1.000000 0.000000
nineteenth	1 1.000000 0.000000
no	26 1.653846 1.380178
noble	3 1.000000 0.000000
nobody	1 1.000000 0.000000
non	1 1.000000 0.000000
nonchalance	1 1.000000 0.000000
nonconformist	1 1.000000 0.000000
nonconformity	1 1.000000 0.000000
none	3 1.333333 0.222222
nor	6 1.000000 0.000000
not	39 3.102564 7.117686
notebooks	1 1.000000 0.000000
nothing	11 1.090909 0.082645
notice	2 1.000000 0.000000
notion	1 1.000000 0.000000
nourish	1 1.000000 0.000000
nourishing	1 1.000000 0.000000
now	10 1.300000 0.410000
number	2 1.000000 0.000000
numbers	2 1.000000 0.000000
numerous	1 1.000000 0.000000
o	2 3.000000 4.000000
oak	1 1.000000 0.000000
oar	1 1.000000 0.000000
obedience	2 1.000000 0.000000
obey	3 1.000000 0.000000
obeying	1 1.000000 0.000000
objection	2 1.000000 0.000000
objects	1 1.000000 0.000000
obligation	1 1.000000 0.000000
obscurely	1 1.000000 0.000000
obsequious	1 1.000000 0.000000
observe	2 1.000000 0.000000
observed	3 1.000000 0.000000
obviously	1 1.000000 0.000000
occasion	2 1.000000 0.000000
occupations	1 1.000000 0.000000
ocean	2 1.000000 0.000000
of	50 7.320000 26.537600
off	7 1.000000 0.000000
office	4 1.000000 0.000000
offices	2 1.000000 0.000000
old	6 1.500000 0.583333
older	1 1.000000 0.000000
on	31 1.612903 1.850156
once	5 1.000000 0.000000
one	19 1.736842 1.351801
ones	1 1.000000 0.000000
only	7 1.285714 0.204082
onward	1 1.000000 0.000000
open	1 1.000000 0.000000
opera	1 1.000000 0.000000
opinion	3 1.000000 0.000000
opinions	3 1.000000 0.000000
opposed	1 1.000000 0.000000
opposition	1 1.000000 0.000000
or	33 2.696970 3.847567
oracles	1 1.000000 0.000000
orbed	1 1.000000 0.000000
orbit	2 1.000000 0.000000
ordinarily	1 1.000000 0.000000
organs	2 1.000000 0.000000
origin	2 1.000000 0.000000
original	3 1.000000 0.000000
ornaments	1 1.000000 0.000000
ostentation	1 1.000000 0.000000
other	12 1.250000 0.187500
others	2 1.000000 0.000000
otherwise	1 1.000000 0.000000
ought	1 1.000000 0.000000
our	21 2.952381 3.664399
ourselves	3 1.000000 0.000000
out	11 1.272727 0.198347
outline	1 1.000000 0.000000
outmost	1 1.000000 0.000000
over	4 1.000000 0.000000
overload	1 1.000000 0.000000
overpower	1 1.000000 0.000000
overt	1 1.000000 0.000000
owes	1 1.000000 0.000000
own	17 1.411765 0.477509
pack	1 1.000000 0.000000
pain	1 1.000000 0.000000
painfully	1 1.000000 0.000000
painter	1 1.000000 0.000000
palace	1 1.000000 0.000000
palaces	1 1.000000 0.000000
palms	1 1.000000 0.000000
palmyra	1 1.000000 0.000000
parable	1 1.000000 0.000000
parade	1 1.000000 0.000000
paradise	1 1.000000 0.000000
parallax	1 1.000000 0.000000
parent	1 1.000000 0.000000
parents	1 1.000000 0.000000
parish	1 1.000000 0.000000
parlor	3 1.000000 0.000000
parry	1 1.000000 0.000000
part	1 1.000000 0.000000
particle	1 1.000000 0.000000
particular	4 1.000000 0.000000
particulars	1 2.000000 0.000000
parties	1 1.000000 0.000000
party	1 2.000000 0.000000
pass	4 1.250000 0.187500
passage	1 1.000000 0.000000
passes	1 1.000000 0.000000
passing	1 1.000000 0.000000
passion	1 1.000000 0.000000
past	6 1.500000 0.250000
patriarchs	1 1.000000 0.000000
patriot	1 1.000000 0.000000
paul	1 1.000000 0.000000
pay	3 1.666667 0.888889
peace	2 1.500000 0.250000
peddles	1 1.000000 0.000000
pedigree	1 1.000000 0.000000
peep	1 1.000000 0.000000
pen	1 1.000000 0.000000
penances	1 1.000000 0.000000
pencil	1 1.000000 0.000000
people	6 1.000000 0.000000
perceive	1 1.000000 0.000000
perceives	1 1.000000 0.000000
perceiving	1 1.000000 0.000000
perception	3 1.666667 0.888889
perceptions	1 3.000000 0.000000
perfect	7 1.000000 0.000000
period	1 1.000000 0.000000
periodical	1 1.000000 0.000000
perishing	1 1.000000 0.000000
permeable	1 1.000000 0.000000
permitted	1 1.000000 0.000000
perpetually	1 1.000000 0.000000
persevering	1 1.000000 0.000000
person	5 1.000000 0.000000
personal	1 1.000000 0.000000
personality	1 1.000000 0.000000
persons	7 1.000000 0.000000
petitioners	1 1.000000 0.000000
petty	1 1.000000 0.000000
petulance	1 1.000000 0.000000
phenomena	1 1.000000 0.000000
phenomenal	1 1.000000 0.000000
phidias	1 1.000000 0.000000
philanthropist	1 1.000000 0.000000
philanthropy	1 1.000000 0.000000
philosophers	1 1.000000 0.000000
philosophy	3 1.000000 0.000000
phocion	1 1.000000 0.000000
phraseology	2 1.000000 0.000000
physiological	1 1.000000 0.000000
picked	1 1.000000 0.000000
picture	1 1.000000 0.000000
piece	1 1.000000 0.000000
pines	1 1.000000 0.000000
pinfold	1 1.000000 0.000000
piquancy	1 1.000000 0.000000
pit	1 1.000000 0.000000
pitch	2 1.000000 0.000000
pity	1 1.000000 0.000000
place	4 1.250000 0.187500
placed	1 1.000000 0.000000
places	1 1.000000 0.000000
plain	1 1.000000 0.000000
planet	1 1.000000 0.000000
plastic	1 1.000000 0.000000
plato	1 1.000000 0.000000
play	1 1.000000 0.000000
playhouse	1 1.000000 0.000000
plays	1 1.000000 0.000000
please	1 2.000000 0.000000
pleasing	1 1.000000 0.000000
pledged	1 1.000000 0.000000
pledges	1 1.000000 0.000000
plot	1 1.000000 0.000000
plume	1 1.000000 0.000000
plutarchs	1 1.000000 0.000000
pocket	1 1.000000 0.000000
poets	1 1.000000 0.000000
point	2 1.000000 0.000000
poise	1 1.000000 0.000000
political	2 1.000000 0.000000
poor	4 1.250000 0.187500
populace	1 1.000000 0.000000
popular	4 1.250000 0.187500
popularity	1 1.000000 0.000000
port	1 1.000000 0.000000
portion	2 1.000000 0.000000
position	1 1.000000 0.000000
possess	1 1.000000 0.000000
possession	2 1.000000 0.000000
possible	1 1.000000 0.000000
possibly	2 1.000000 0.000000
post	1 1.000000 0.000000
posterity	1 1.000000 0.000000
postpone	1 1.000000 0.000000
postpones	1 1.000000 0.000000
poverty	2 1.000000 0.000000
power	10 1.200000 0.160000
powerful	1 1.000000 0.000000
powers	1 1.000000 0.000000
practical	1 1.000000 0.000000
praise	2 1.000000 0.000000
prate	1 1.000000 0.000000
prattle	1 1.000000 0.000000
prayer	1 7.000000 0.000000
prayers	3 1.333333 0.222222
preached	1 1.000000 0.000000
preacher	1 1.000000 0.000000
preaches	1 1.000000 0.000000
preaching	1 1.000000 0.000000
precinct	1 1.000000 0.000000
precise	2 1.000000 0.000000
precisely	3 1.000000 0.000000
predominating	1 1.000000 0.000000
prefer	1 1.000000 0.000000
preparing	1 1.000000 0.000000
presence	3 1.000000 0.000000
present	7 1.285714 0.204082
presently	2 1.000000 0.000000
pretty	1 1.000000 0.000000
prevail	1 1.000000 0.000000
preëstablished	1 1.000000 0.000000
price	1 1.000000 0.000000
primary	2 1.000000 0.000000
prince	1 1.000000 0.000000
principles	2 1.000000 0.000000
prison	2 1.000000 0.000000
private	4 1.500000 0.750000
privilege	1 1.000000 0.000000
probably	1 1.000000 0.000000
proceed	1 1.000000 0.000000
proceeds	1 1.000000 0.000000
profane	1 1.000000 0.000000
profession	1 1.000000 0.000000
professions	1 1.000000 0.000000
progressive	1 1.000000 0.000000
prompted	1 1.000000 0.000000
pronouncing	1 1.000000 0.000000
proper	1 1.000000 0.000000
properly	1 1.000000 0.000000
property	3 2.333333 3.555556
proportion	2 1.000000 0.000000
proportionate	1 1.000000 0.000000
proprietor	1 1.000000 0.000000
prospect	1 1.000000 0.000000
protect	1 1.000000 0.000000
protected	1 1.000000 0.000000
prove	1 1.000000 0.000000
providence	1 1.000000 0.000000
proximities	1 1.000000 0.000000
prudent	1 1.000000 0.000000
pry	1 1.000000 0.000000
puberty	1 1.000000 0.000000
public	3 1.000000 0.000000
pules	1 1.000000 0.000000
pupil	1 3.000000 0.000000
pure	3 1.000000 0.000000
purpose	2 1.000000 0.000000
purposes	1 1.000000 0.000000
pursuits	1 1.000000 0.000000
put	7 1.000000 0.000000
puts	1 1.000000 0.000000
putting	1 1.000000 0.000000
pythagoras	1 1.000000 0.000000
quaint	1 1.000000 0.000000
quakerism	2 1.000000 0.000000
question	1 1.000000 0.000000
quickly	1 1.000000 0.000000
quite	2 1.000000 0.000000
quotes	1 1.000000 0.000000
quæsiveris	1 1.000000 0.000000
rabble	1 1.000000 0.000000
race	1 1.000000 0.000000
rage	2 2.000000 1.000000
raise	1 1.000000 0.000000
raised	1 1.000000 0.000000
raises	1 1.000000 0.000000
rather	3 1.000000 0.000000
ray	2 1.500000 0.250000
reach	2 1.000000 0.000000
read	2 1.000000 0.000000
readily	2 1.500000 0.250000
reading	2 1.000000 0.000000
real	2 1.500000 0.250000
realities	1 1.000000 0.000000
reality	1 1.000000 0.000000
really	1 1.000000 0.000000
reason	4 1.000000 0.000000
rebel	1 1.000000 0.000000
recedes	1 1.000000 0.000000
receive	1 1.000000 0.000000
receivers	1 1.000000 0.000000
receives	1 1.000000 0.000000
recites	1 1.000000 0.000000
reckoned	2 1.000000 0.000000
recognize	1 1.000000 0.000000
recollecting	1 1.000000 0.000000
record	1 1.000000 0.000000
recovering	1 1.000000 0.000000
recovery	1 1.000000 0.000000
recruit	1 1.000000 0.000000
redeemers	1 1.000000 0.000000
reference	1 1.000000 0.000000
refinement	1 1.000000 0.000000
reflex	1 2.000000 0.000000
reformation	1 1.000000 0.000000
reformers	1 1.000000 0.000000
refuse	1 1.000000 0.000000
region	1 1.000000 0.000000
regions	1 1.000000 0.000000
regret	1 1.000000 0.000000
regrets	1 1.000000 0.000000
reinforce	1 1.000000 0.000000
rejected	1 1.000000 0.000000
rejection	1 2.000000 0.000000
rejoices	1 1.000000 0.000000
relation	2 1.000000 0.000000
relations	4 1.000000 0.000000
reliance	7 1.428571 0.530612
relief	1 1.000000 0.000000
relies	1 1.000000 0.000000
relieved	1 1.000000 0.000000
religion	5 1.000000 0.000000
religious	1 1.000000 0.000000
rely	1 1.000000 0.000000
relying	1 1.000000 0.000000
remain	1 1.000000 0.000000
remains	1 1.000000 0.000000
remember	1 1.000000 0.000000
remembering	1 1.000000 0.000000
remembers	1 1.000000 0.000000
reminds	1 2.000000 0.000000
remote	1 1.000000 0.000000
render	1 1.000000 0.000000
rendered	1 1.000000 0.000000
renews	1 1.000000 0.000000
renovate	1 1.000000 0.000000
renowned	1 1.000000 0.000000
rents	1 1.000000 0.000000
repaired	1 1.000000 0.000000
repeat	2 1.000000 0.000000
replied	1 1.000000 0.000000
replies	1 1.000000 0.000000
reply	1 1.000000 0.000000
repose	1 1.000000 0.000000
represent	1 1.000000 0.000000
represents	1 1.000000 0.000000
reprimand	1 1.000000 0.000000
reproduce	1 1.000000 0.000000
reputation	1 1.000000 0.000000
request	1 1.000000 0.000000
requires	1 1.000000 0.000000
resides	2 1.000000 0.000000
resist	1 1.000000 0.000000
resistance	1 1.000000 0.000000
resolution	1 1.000000 0.000000
resolve	1 1.000000 0.000000
resolves	1 1.000000 0.000000
resound	1 1.000000 0.000000
resources	3 1.000000 0.000000
respect	3 1.333333 0.222222
responsible	1 1.000000 0.000000
rest	2 1.000000 0.000000
restlessness	1 1.000000 0.000000
restore	1 1.000000 0.000000
retained	1 1.000000 0.000000
retains	1 1.000000 0.000000
retrospect	1 1.000000 0.000000
return	1 1.000000 0.000000
returns	1 1.000000 0.000000
revere	1 1.000000 0.000000
reverence	2 1.000000 0.000000
reverie	1 1.000000 0.000000
reverse	2 1.000000 0.000000
reverted	1 1.000000 0.000000
revolution	3 1.000000 0.000000
revolutions	1 1.000000 0.000000
revolve	1 1.000000 0.000000
rhetoric	1 1.000000 0.000000
rich	3 1.000000 0.000000
riches	3 1.000000 0.000000
ride	1 1.000000 0.000000
ridge	1 1.000000 0.000000
ridiculous	1 1.000000 0.000000
right	9 1.444444 0.469136
rights	1 1.000000 0.000000
ripened	1 1.000000 0.000000
rise	3 1.000000 0.000000
rises	1 1.000000 0.000000
robber	1 1.000000 0.000000
rocks	1 1.000000 0.000000
rogue	1 1.000000 0.000000
rolls	1 1.000000 0.000000
roman	2 1.000000 0.000000
rome	2 1.000000 0.000000
room	1 1.000000 0.000000
root	2 1.000000 0.000000
rose	1 2.000000 0.000000
roses	1 2.000000 0.000000
rot	1 1.000000 0.000000
rotations	1 1.000000 0.000000
rote	1 1.000000 0.000000
rough	2 1.000000 0.000000
round	2 1.000000 0.000000
rounded	1 1.000000 0.000000
rove	1 1.000000 0.000000
roving	1 1.000000 0.000000
rower	1 1.000000 0.000000
rubbish	1 1.000000 0.000000
rude	1 1.000000 0.000000
rugged	1 1.000000 0.000000
ruined	1 1.000000 0.000000
ruins	1 2.000000 0.000000
rule	3 1.000000 0.000000
rulers	1 1.000000 0.000000
rustle	1 1.000000 0.000000
sacred	2 1.500000 0.250000
sacredness	1 1.000000 0.000000
sad	2 1.000000 0.000000
sadness	1 1.000000 0.000000
safe	1 1.000000 0.000000
safely	1 1.000000 0.000000
sage	1 1.000000 0.000000
sages	1 1.000000 0.000000
said	6 1.000000 0.000000
saint	2 1.000000 0.000000
sallies	1 1.000000 0.000000
same	12 1.166667 0.138889
sanctities	1 1.000000 0.000000
sanctuary	1 1.000000 0.000000
sanity	1 1.000000 0.000000
satisfied	3 1.000000 0.000000
satisfies	1 1.000000 0.000000
satisfy	1 1.000000 0.000000
savage	1 1.000000 0.000000
save	1 1.000000 0.000000
saxon	1 1.000000 0.000000
say	12 1.166667 0.138889
saying	2 1.000000 0.000000
says	1 1.000000 0.000000
scale	1 1.000000 0.000000
scanderbeg	1 1.000000 0.000000
scarcely	1 1.000000 0.000000
scares	1 1.000000 0.000000
scatter	1 1.000000 0.000000
scatters	1 1.000000 0.000000
school	1 1.000000 0.000000
science	2 2.000000 1.000000
scientific	1 1.000000 0.000000
scipio	2 1.000000 0.000000
scipionism	1 1.000000 0.000000
scorn	1 2.000000 0.000000
scorned	1 1.000000 0.000000
screens	1 1.000000 0.000000
sculpture	1 1.000000 0.000000
sculptured	1 1.000000 0.000000
sea	2 1.000000 0.000000
seasons	1 1.000000 0.000000
seated	1 1.000000 0.000000
secondary	1 1.000000 0.000000
secret	1 1.000000 0.000000
sect	2 1.000000 0.000000
securing	1 1.000000 0.000000
see	14 1.642857 0.801020
seeing	1 1.000000 0.000000
seek	5 1.200000 0.160000
seeking	1 2.000000 0.000000
seem	6 1.000000 0.000000
seems	4 1.000000 0.000000
seen	2 1.000000 0.000000
self	14 1.357143 0.372449
selfishly	1 1.000000 0.000000
sell	1 1.000000 0.000000
senate	2 1.000000 0.000000
send	1 1.000000 0.000000
seniors	1 1.000000 0.000000
sensation	1 1.000000 0.000000
sense	2 1.500000 0.250000
sensibility	1 1.000000 0.000000
sensible	1 1.000000 0.000000
sensualist	1 1.000000 0.000000
sentences	2 1.000000 0.000000
sentiment	3 1.000000 0.000000
series	1 1.000000 0.000000
serve	1 1.000000 0.000000
service	1 1.000000 0.000000
set	3 1.000000 0.000000
settle	1 1.000000 0.000000
shadow	2 1.000000 0.000000
shadows	1 1.000000 0.000000
shakespeare	1 3.000000 0.000000
shall	13 2.153846 1.514793
shalt	2 1.000000 0.000000
shame	4 1.000000 0.000000
shape	1 1.000000 0.000000
share	1 1.000000 0.000000
shared	1 1.000000 0.000000
shareholder	1 1.000000 0.000000
she	1 1.000000 0.000000
shed	3 1.000000 0.000000
shelves	1 1.000000 0.000000
ship	1 1.000000 0.000000
shocks	1 1.000000 0.000000
shoes	1 1.000000 0.000000
shooting	1 1.000000 0.000000
shoots	1 1.000000 0.000000
should	14 1.428571 0.530612
shoulder	1 1.000000 0.000000
shoves	1 1.000000 0.000000
show	1 1.000000 0.000000
shown	1 1.000000 0.000000
shriven	1 1.000000 0.000000
shun	2 1.000000 0.000000
shut	1 1.000000 0.000000
sick	1 1.000000 0.000000
sickness	1 1.000000 0.000000
side	3 1.333333 0.222222
sight	2 1.000000 0.000000
sights	1 1.000000 0.000000
signified	1 1.000000 0.000000
silent	1 1.000000 0.000000
silly	1 1.000000 0.000000
simple	4 1.000000 0.000000
simplicity	1 1.000000 0.000000
simply	2 1.000000 0.000000
since	1 1.000000 0.000000
sinew	1 1.000000 0.000000
singly	1 2.000000 0.000000
singular	1 1.000000 0.000000
sink	1 1.000000 0.000000
sir	1 1.000000 0.000000
sit	4 1.250000 0.187500
situations	1 1.000000 0.000000
skill	1 1.000000 0.000000
skulk	1 1.000000 0.000000
sky	1 1.000000 0.000000
slavish	1 1.000000 0.000000
sleep	1 1.000000 0.000000
slow	1 1.000000 0.000000
small	1 1.000000 0.000000
smell	1 1.000000 0.000000
smile	1 1.000000 0.000000
smooth	2 1.000000 0.000000
so	26 1.576923 0.705621
social	1 1.000000 0.000000
societies	1 2.000000 0.000000
society	10 1.400000 0.240000
socrates	2 1.000000 0.000000
soft	1 1.000000 0.000000
soil	1 1.000000 0.000000
sold	1 1.000000 0.000000
soldier	1 1.000000 0.000000
soldiers	1 1.000000 0.000000
solicitously	1 1.000000 0.000000
soliloquy	1 1.000000 0.000000
solitude	2 1.500000 0.250000
solstice	1 1.000000 0.000000
some	11 1.181818 0.148760
somehow	1 1.000000 0.000000
something	2 1.000000 0.000000
sometimes	1 1.000000 0.000000
somewhat	6 1.166667 0.138889
soon	3 1.000000 0.000000
sort	2 1.000000 0.000000
sot	1 2.000000 0.000000
sots	1 1.000000 0.000000
sought	1 1.000000 0.000000
soul	13 1.307692 0.366864
souls	1 1.000000 0.000000
sound	2 1.000000 0.000000
sour	1 2.000000 0.000000
source	1 2.000000 0.000000
south	1 1.000000 0.000000
sovereign	1 1.000000 0.000000
space	2 1.000000 0.000000
spaces	2 1.000000 0.000000
spartan	1 1.000000 0.000000
speak	8 1.625000 0.484375
speaketh	1 1.000000 0.000000
speaking	2 1.000000 0.000000
spear	1 1.000000 0.000000
spectacle	1 1.000000 0.000000
speculative	1 1.000000 0.000000
speed	1 1.000000 0.000000
speedily	1 1.000000 0.000000
spells	1 1.000000 0.000000
spend	1 1.000000 0.000000
sphere	1 1.000000 0.000000
spirit	4 1.000000 0.000000
spirits	2 1.000000 0.000000
spiritual	2 1.000000 0.000000
spite	1 1.000000 0.000000
splendid	1 1.000000 0.000000
splendor	1 1.000000 0.000000
spoke	2 1.000000 0.000000
spoken	2 1.000000 0.000000
spontaneity	1 1.000000 0.000000
spontaneous	2 1.000000 0.000000
spontaneously	1 1.000000 0.000000
spread	1 1.000000 0.000000
squalid	1 1.000000 0.000000
stake	1 1.000000 0.000000
stand	4 1.000000 0.000000
standard	2 2.000000 0.000000
standards	1 1.000000 0.000000
stands	2 2.500000 2.250000
stanza	1 1.000000 0.000000
star	3 1.000000 0.000000
state	6 1.000000 0.000000
stated	1 1.000000 0.000000
statement	1 1.000000 0.000000
statesmen	1 1.000000 0.000000
statue	1 1.000000 0.000000
stay	2 1.000000 0.000000
stays	1 1.000000 0.000000
steal	1 1.000000 0.000000
steps	2 1.000000 0.000000
stern	2 1.000000 0.000000
sticking	1 1.000000 0.000000
still	4 1.000000 0.000000
stock	1 1.000000 0.000000
stoic	2 1.500000 0.250000
stole	1 1.000000 0.000000
storm	1 1.000000 0.000000
stout	1 1.000000 0.000000
straightens	1 1.000000 0.000000
strain	1 1.000000 0.000000
strait	1 1.000000 0.000000
strange	1 1.000000 0.000000
stranger	1 1.000000 0.000000
straw	1 1.000000 0.000000
street	3 1.333333 0.222222
strength	3 1.000000 0.000000
strike	1 1.000000 0.000000
string	1 1.000000 0.000000
stroke	1 1.000000 0.000000
strong	5 1.400000 0.640000
stronger	1 2.000000 0.000000
strongly	1 1.000000 0.000000
struck	1 1.000000 0.000000
studies	1 1.000000 0.000000
study	4 1.000000 0.000000
studying	1 1.000000 0.000000
stun	1 1.000000 0.000000
sturdy	1 1.000000 0.000000
subject	2 1.000000 0.000000
subordinating	1 1.000000 0.000000
suburbs	1 1.000000 0.000000
successive	1 1.000000 0.000000
succumb	1 1.000000 0.000000
such	5 1.400000 0.640000
suckle	1 1.000000 0.000000
suffered	1 1.000000 0.000000
sufferer	1 1.000000 0.000000
suffers	1 1.000000 0.000000
sufficient	1 1.000000 0.000000
sufficiently	1 1.000000 0.000000
sufficing	1 1.000000 0.000000
suffrage	1 1.000000 0.000000
suggested	1 1.000000 0.000000
suggestions	1 1.000000 0.000000
suicide	1 1.000000 0.000000
suitors	1 1.000000 0.000000
sum	1 1.000000 0.000000
summary	1 1.000000 0.000000
summon	1 1.000000 0.000000
sun	3 1.000000 0.000000
supernatural	1 1.000000 0.000000
superstition	1 1.000000 0.000000
supply	1 1.000000 0.000000
support	3 1.000000 0.000000
supported	1 1.000000 0.000000
suppose	3 1.000000 0.000000
supposes	1 1.000000 0.000000
supreme	1 1.000000 0.000000
sure	3 1.000000 0.000000
surely	1 1.000000 0.000000
surrender	1 1.000000 0.000000
surround	1 1.000000 0.000000
surrounds	1 1.000000 0.000000
swallow	1 1.000000 0.000000
sways	1 1.000000 0.000000
swedenborgism	1 1.000000 0.000000
sweet	3 1.000000 0.000000
sweetness	1 1.000000 0.000000
swift	2 1.000000 0.000000
sycophantic	1 1.000000 0.000000
symbol	1 1.000000 0.000000
symbolizes	1 1.000000 0.000000
symmetrical	1 1.000000 0.000000
sympathy	2 1.000000 0.000000
symptom	1 1.000000 0.000000
system	2 1.500000 0.250000
table	1 1.000000 0.000000
tacks	1 1.000000 0.000000
take	5 1.000000 0.000000
taken	1 1.000000 0.000000
takes	3 1.000000 0.000000
talent	1 1.000000 0.000000
talents	1 1.000000 0.000000
talk	1 1.000000 0.000000
taskmaster	1 1.000000 0.000000
taste	1 2.000000 0.000000
tastes	2 1.000000 0.000000
taught	2 1.000000 0.000000
te	1 1.000000 0.000000
teach	2 1.000000 0.000000
teacher	1 1.000000 0.000000
teachers	1 1.000000 0.000000
teaches	1 1.000000 0.000000
teachings	1 1.000000 0.000000
teams	1 1.000000 0.000000
teat	1 1.000000 0.000000
tell	4 1.250000 0.187500
temple	1 1.000000 0.000000
temples	1 1.000000 0.000000
temptations	1 1.000000 0.000000
tendency	1 2.000000 0.000000
tenderness	1 1.000000 0.000000
terminology	1 1.000000 0.000000
terror	1 1.000000 0.000000
testify	1 1.000000 0.000000
testimony	1 1.000000 0.000000
text	2 1.000000 0.000000
texts	2 1.000000 0.000000
than	15 1.800000 1.093333
thank	1 1.000000 0.000000
that	41 3.195122 5.718025
the	52 11.403846 50.317678
thebes	1 1.000000 0.000000
thee	2 1.500000 0.250000
theft	1 1.000000 0.000000
their	23 2.434783 2.419660
theirs	2 1.000000 0.000000
them	18 1.388889 0.459877
themselves	8 1.000000 0.000000
then	11 1.181818 0.148760
theory	1 1.000000 0.000000
there	15 1.333333 0.622222
thereby	2 1.000000 0.000000
therefore	5 1.000000 0.000000
these	17 1.352941 0.463668
they	27 2.000000 2.074074
thing	6 1.166667 0.138889
things	10 1.600000 1.440000
think	8 1.125000 0.109375
thinker	1 1.000000 0.000000
thinking	1 1.000000 0.000000
thinks	1 1.000000 0.000000
this	25 1.560000 0.806400
thor	1 1.000000 0.000000
those	5 1.200000 0.160000
thou	5 1.200000 0.160000
though	8 1.000000 0.000000
thought	9 1.888889 2.320988
thoughtless	1 1.000000 0.000000
thoughts	1 1.000000 0.000000
thousand	4 1.250000 0.187500
thread	1 1.000000 0.000000
three	1 1.000000 0.000000
through	4 1.000000 0.000000
throughout	1 1.000000 0.000000
throws	2 1.000000 0.000000
thunder	1 1.000000 0.000000
thus	2 1.000000 0.000000
thy	4 2.000000 0.500000
thyself	1 1.000000 0.000000
tight	1 1.000000 0.000000
till	2 1.000000 0.000000
time	11 1.454545 0.247934
times	3 1.000000 0.000000
timid	2 1.000000 0.000000
timorous	1 1.000000 0.000000
tiptoe	1 1.000000 0.000000
titular	1 1.000000 0.000000
to	47 5.425532 22.116795
toil	1 1.000000 0.000000
tongue	1 2.000000 0.000000
tongues	1 1.000000 0.000000
too	4 1.250000 0.187500
took	1 1.000000 0.000000
topic	2 1.000000 0.000000
tossing	1 1.000000 0.000000
total	1 1.000000 0.000000
touches	1 1.000000 0.000000
tower	1 1.000000 0.000000
town	2 1.000000 0.000000
township	1 1.000000 0.000000
trade	1 1.000000 0.000000
traditions	2 1.000000 0.000000
train	2 1.000000 0.000000
trait	1 1.000000 0.000000
transcendent	1 1.000000 0.000000
transferable	1 1.000000 0.000000
transferred	1 1.000000 0.000000
transition	1 1.000000 0.000000
trap	1 1.000000 0.000000
travel	1 1.000000 0.000000
traveler	2 1.000000 0.000000
traveling	3 1.333333 0.222222
travels	1 2.000000 0.000000
treasures	1 1.000000 0.000000
treat	1 1.000000 0.000000
treated	1 1.000000 0.000000
tree	1 1.000000 0.000000
tried	1 1.000000 0.000000
tries	2 1.000000 0.000000
trifle	1 1.000000 0.000000
trifles	1 1.000000 0.000000
triumph	1 1.000000 0.000000
triumphs	1 1.000000 0.000000
trivial	1 1.000000 0.000000
troublesome	1 1.000000 0.000000
trowel	1 1.000000 0.000000
true	6 1.500000 0.583333
truly	4 1.250000 0.187500
trumpets	1 1.000000 0.000000
trunk	1 1.000000 0.000000
trust	6 1.000000 0.000000
trusted	1 1.000000 0.000000
trustee	1 1.000000 0.000000
trustworthy	1 1.000000 0.000000
truth	7 2.000000 1.714286
truths	1 1.000000 0.000000
try	1 1.000000 0.000000
tuitions	1 1.000000 0.000000
turn	2 1.000000 0.000000
turns	1 1.000000 0.000000
tutors	1 1.000000 0.000000
twentieth	1 1.000000 0.000000
twenty	1 1.000000 0.000000
two	4 1.500000 0.250000
ultimate	1 1.000000 0.000000
unaffected	1 1.000000 0.000000
unaffrighted	1 1.000000 0.000000
unbalanced	1 1.000000 0.000000
unbiased	1 1.000000 0.000000
unbribable	1 1.000000 0.000000
uncharitable	1 1.000000 0.000000
uncommon	1 1.000000 0.000000
unconquered	1 1.000000 0.000000
undecked	1 1.000000 0.000000
under	4 1.000000 0.000000
undergoes	1 1.000000 0.000000
underlay	1 1.000000 0.000000
underlie	1 1.000000 0.000000
understand	1 1.000000 0.000000
undivided	1 1.000000 0.000000
unhesitatingly	1 1.000000 0.000000
uniform	1 1.000000 0.000000
unintelligent	1 1.000000 0.000000
unique	1 1.000000 0.000000
unite	1 1.000000 0.000000
united	1 1.000000 0.000000
unites	1 1.000000 0.000000
unity	2 1.000000 0.000000
universal	3 1.000000 0.000000
universe	2 1.500000 0.250000
unlawful	1 1.000000 0.000000
unless	1 1.000000 0.000000
unlike	1 1.000000 0.000000
unnecessary	1 1.000000 0.000000
unprecedented	1 1.000000 0.000000
unrelenting	1 1.000000 0.000000
unsaid	1 1.000000 0.000000
unsoundness	1 1.000000 0.000000
unsteady	1 1.000000 0.000000
unsystematic	1 1.000000 0.000000
until	3 1.000000 0.000000
unto	2 1.000000 0.000000
up	3 1.666667 0.888889
upbraid	1 1.000000 0.000000
upholder	1 1.000000 0.000000
upright	2 1.000000 0.000000
uproar	1 1.000000 0.000000
upshot	1 1.000000 0.000000
urns	1 1.000000 0.000000
us	19 1.894737 1.146814
usages	1 1.000000 0.000000
use	4 1.000000 0.000000
usurping	1 1.000000 0.000000
utter	1 1.000000 0.000000
utterance	1 1.000000 0.000000
uttered	1 1.000000 0.000000
vagabond	1 1.000000 0.000000
vain	1 1.000000 0.000000
valet	1 1.000000 0.000000
valley	1 1.000000 0.000000
valor	1 1.000000 0.000000
valors	1 1.000000 0.000000
value	1 1.000000 0.000000
valued	1 1.000000 0.000000
vanish	1 1.000000 0.000000
vanity	1 1.000000 0.000000
varieties	1 1.000000 0.000000
variety	1 1.000000 0.000000
varnish	1 1.000000 0.000000
vast	1 1.000000 0.000000
vatican	1 1.000000 0.000000
vegetable	1 1.000000 0.000000
venerable	2 1.000000 0.000000
ventured	1 1.000000 0.000000
verdict	2 1.000000 0.000000
vermont	1 1.000000 0.000000
verses	1 1.000000 0.000000
very	4 1.000000 0.000000
vibrates	1 1.000000 0.000000
vice	1 2.000000 0.000000
vicious	1 1.000000 0.000000
victories	1 1.000000 0.000000
victory	1 1.000000 0.000000
view	2 1.000000 0.000000
views	2 1.000000 0.000000
vigor	1 1.000000 0.000000
violate	1 1.000000 0.000000
virtue	11 1.272727 0.198347
virtues	1 3.000000 0.000000
virtuous	1 1.000000 0.000000
visible	1 1.000000 0.000000
vision	1 1.000000 0.000000
visits	1 1.000000 0.000000
vital	2 1.000000 0.000000
vocabulary	1 1.000000 0.000000
voice	6 1.000000 0.000000
voices	2 1.000000 0.000000
voluntary	1 1.000000 0.000000
vote	2 1.000000 0.000000
voyage	1 1.000000 0.000000
vulnerable	1 1.000000 0.000000
wait	1 1.000000 0.000000
waits	1 1.000000 0.000000
wake	2 1.000000 0.000000
wakes	1 1.000000 0.000000
waking	1 1.000000 0.000000
walk	2 1.000000 0.000000
walks	1 1.000000 0.000000
wall	1 1.000000 0.000000
walls	1 2.000000 0.000000
want	5 1.000000 0.000000
wants	3 1.000000 0.000000
war	3 1.000000 0.000000
was	9 1.222222 0.172840
washed	1 1.000000 0.000000
washington	1 1.000000 0.000000
washingtons	1 1.000000 0.000000
watch	3 1.000000 0.000000
watched	1 1.000000 0.000000
water	2 1.000000 0.000000
wave	1 2.000000 0.000000
way	6 1.333333 0.555556
ways	1 1.000000 0.000000
we	27 2.888889 7.135802
weak	3 1.333333 0.222222
weaker	1 1.000000 0.000000
wear	3 1.000000 0.000000
web	1 1.000000 0.000000
weed	1 1.000000 0.000000
weep	1 1.000000 0.000000
weight	1 1.000000 0.000000
welcome	1 1.000000 0.000000
well	9 1.000000 0.000000
were	6 1.166667 0.138889
wesley	1 1.000000 0.000000
whaling	1 1.000000 0.000000
what	24 1.875000 1.192708
whatever	2 1.000000 0.000000
wheel	1 2.000000 0.000000
when	18 1.611111 0.904321
whence	2 1.500000 0.250000
whenever	1 1.000000 0.000000
where	9 1.333333 0.222222
wherever	4 1.000000 0.000000
whether	3 1.666667 0.222222
which	27 2.148148 3.459534
whigs	1 1.000000 0.000000
whilst	1 1.000000 0.000000
whim	1 2.000000 0.000000
whimperers	1 1.000000 0.000000
whimsical	1 1.000000 0.000000
whines	1 1.000000 0.000000
whips	1 1.000000 0.000000
whistle	1 1.000000 0.000000
white	1 2.000000 0.000000
who	21 1.523810 0.439909
whole	10 1.000000 0.000000
wholly	2 1.000000 0.000000
whom	3 1.333333 0.222222
whose	4 1.000000 0.000000
whoso	1 1.000000 0.000000
why	6 1.500000 0.583333
wicked	1 1.000000 0.000000
wide	2 1.000000 0.000000
wife	3 1.333333 0.222222
wild	1 1.000000 0.000000
will	27 2.259259 7.006859
willful	1 1.000000 0.000000
willfulness	1 1.000000 0.000000
willing	1 1.000000 0.000000
willows	1 1.000000 0.000000
wills	1 1.000000 0.000000
wind	2 1.000000 0.000000
window	3 1.000000 0.000000
winnings	1 1.000000 0.000000
wintered	1 1.000000 0.000000
wisdom	4 1.250000 0.187500
wise	2 1.000000 0.000000
wish	2 2.500000 0.250000
wit	1 1.000000 0.000000
with	38 1.921053 1.072715
withdrawn	1 1.000000 0.000000
withhold	1 1.000000 0.000000
within	5 1.000000 0.000000
without	6 1.333333 0.555556
woden	1 1.000000 0.000000
wolfs	1 1.000000 0.000000
women	1 1.000000 0.000000
wont	1 1.000000 0.000000
wood	2 1.000000 0.000000
word	3 1.333333 0.222222
words	3 2.000000 0.666667
work	8 1.250000 0.187500
working	3 1.000000 0.000000
works	6 1.000000 0.000000
world	11 1.272727 0.198347
worlds	1 1.000000 0.000000
worse	1 1.000000 0.000000
worship	2 1.000000 0.000000
worth	2 1.500000 0.250000
would	4 2.500000 1.250000
wreak	1 1.000000 0.000000
write	1 1.000000 0.000000
writing	1 1.000000 0.000000
written	1 1.000000 0.000000
wrong	1 1.000000 0.000000
year	3 1.000000 0.000000
years	3 1.000000 0.000000
yes	1 1.000000 0.000000
yet	10 1.100000 0.090000
yield	1 1.000000 0.000000
yields	2 1.000000 0.000000
york	1 1.000000 0.000000
you	26 2.846154 7.822485
young	5 1.200000 0.160000
your	14 2.928571 5.066327
yourself	7 1.000000 0.000000
youth	2 1.500000 0.250000
zealander	1 1.000000 0.000000
zigzag	1 1.000000 0.000000
zoroaster	1 1.000000 0.000000
éclat	1 1.000000 0.000000
